>CAGTGCTGGAAA	6-TTTCCAGCACTG	10.249232	-39.349501	0	T:36.0(2.70%),B:202.8(0.42%),P:1e-17
0.102	0.712	0.001	0.185
0.974	0.001	0.001	0.024
0.031	0.092	0.816	0.061
0.045	0.025	0.123	0.807
0.030	0.055	0.914	0.001
0.001	0.728	0.080	0.191
0.001	0.001	0.049	0.949
0.061	0.031	0.892	0.016
0.077	0.136	0.732	0.055
0.716	0.081	0.061	0.142
0.821	0.117	0.031	0.031
0.944	0.001	0.024	0.031
