>AGTGTGACCGTT	2-AGTGTGACCGTT	8.740176	-55.394660	0	T:61.0(6.06%),B:562.9(1.17%),P:1e-24
0.932	0.001	0.001	0.066
0.001	0.001	0.971	0.027
0.022	0.033	0.001	0.944
0.099	0.001	0.899	0.001
0.033	0.067	0.033	0.867
0.094	0.033	0.840	0.033
0.765	0.095	0.085	0.055
0.027	0.918	0.022	0.033
0.066	0.900	0.001	0.033
0.124	0.100	0.709	0.067
0.094	0.100	0.068	0.738
0.196	0.123	0.157	0.524
