>TTATCGATAANH	3-TTATCGATAANH	8.425127	-50.642872	0	T:103.0(10.24%),B:1629.5(3.37%),P:1e-21
0.188	0.211	0.077	0.524
0.288	0.001	0.001	0.710
0.721	0.025	0.025	0.229
0.024	0.001	0.001	0.974
0.001	0.880	0.001	0.118
0.069	0.001	0.929	0.001
0.926	0.001	0.049	0.024
0.078	0.083	0.018	0.821
0.707	0.001	0.001	0.291
0.543	0.001	0.221	0.235
0.231	0.293	0.272	0.204
0.261	0.336	0.169	0.234
