>AACAGCTGTTAG	4-AACAGCTGTTAG,BestGuess:E-box/Drosophila-Promoters/Homer(0.910)	9.435520	-45.893160	0	T:53.0(5.27%),B:516.5(1.07%),P:1e-19
0.924	0.063	0.012	0.001
0.784	0.061	0.047	0.108
0.055	0.926	0.001	0.018
0.892	0.022	0.001	0.085
0.059	0.045	0.833	0.063
0.045	0.894	0.045	0.016
0.022	0.022	0.001	0.955
0.001	0.001	0.954	0.044
0.140	0.044	0.083	0.733
0.037	0.086	0.192	0.685
0.617	0.130	0.065	0.188
0.050	0.102	0.804	0.044
