>AACAGCTGTTHN	E-box/Drosophila-Promoters/Homer	8.214029	-59.037606	0	T:110.0(8.24%),B:1210.3(2.52%),P:1e-25
0.560	0.168	0.225	0.047
0.493	0.117	0.096	0.295
0.021	0.971	0.007	0.001
0.957	0.005	0.003	0.035
0.083	0.011	0.880	0.026
0.068	0.850	0.007	0.075
0.024	0.001	0.003	0.972
0.001	0.001	0.981	0.017
0.304	0.072	0.128	0.496
0.038	0.218	0.145	0.599
0.208	0.254	0.192	0.346
0.244	0.197	0.332	0.226
